Posiciones 8
1 * 394 340
2 * 460 276
3 * 530 211
4 * 589 162
5 * 631 102
6 * 584 50
7 * 510 82
8 * 471 141
9 * 404 214
10 * 341 271
11 * 282 207
12 * 211 146
13 * 159 77
14 * 101 42
15 * 52 99
16 * 84 160
17 * 145 202
18 * 212 269
19 * 272 326
20 * 210 393
21 * 148 463
22 * 86 513
23 * 42 569
24 * 95 628
25 * 162 596
26 * 205 528
27 * 271 461
28 * 330 397
29 * 396 464
30 * 466 518
31 * 509 587
32 * 570 618
33 * 625 572
34 * 583 510
35 * 518 464
36 * 462 394


posiciones 10 
1 * 394 341
2 * 447 286
3 * 500 226
4 * 553 193
5 * 599 137
6 * 642 82
7 * 601 40
8 * 539 83
9 * 486 118
10 * 445 176
11 * 388 230
12 * 331 288
13 * 284 234
14 * 225 178
15 * 186 127
16 * 134 86
17 * 74 34
18 * 32 70
19 * 86 133
20 * 125 190
21 * 176 223
22 * 234 287
23 * 281 338
24 * 235 386
25 * 178 444
26 * 120 488
27 * 81 533
28 * 30 592
29 * 70 636
30 * 129 588
31 * 189 552
32 * 226 502
33 * 291 446
34 * 336 391
35 * 386 443
36 * 451 498
37 * 484 557
38 * 544 582
39 * 592 633
40 * 643 594
41 * 591 544
42 * 557 488
43 * 497 442
44 * 441 384

Psiciones 12
1 * 384 340
2 * 428 292
3 * 476 251
4 * 525 193
5 * 569 161
6 * 594 116
7 * 646 68
8 * 610 31
9 * 560 72
10 * 517 108
11 * 480 156
12 * 435 203
13 * 386 245
14 * 336 293
15 * 296 246
16 * 248 198
17 * 193 152
18 * 167 104
19 * 116 71
20 * 69 31
21 * 26 72
22 * 64 108
23 * 97 156
24 * 141 192
25 * 195 240
26 * 235 284
27 * 289 334
28 * 246 371
29 * 204 419
30 * 152 466
31 * 98 502
32 * 69 548
33 * 32 598
34 * 60 644
35 * 114 601
36 * 175 568
37 * 196 518
38 * 245 476
39 * 293 426
40 * 337 388
41 * 379 421
42 * 424 472
43 * 476 513
44 * 510 568
45 * 554 596
46 * 608 642
47 * 647 607
48 * 600 560
49 * 566 512
50 * 522 474
51 * 468 430
52 * 428 382

Psiciones 14

1 * 378 337
2 * 421 298
3 * 458 256
4 * 496 216
5 * 539 172
6 * 582 145
7 * 611 104
8 * 654 58
9 * 617 23
10 * 572 65
11 * 528 91
12 * 496 133
13 * 455 175
14 * 412 216
15 * 378 254
16 * 333 294
17 * 301 256
18 * 263 214
19 * 218 174
20 * 171 133
21 * 144 88
22 * 107 64
23 * 60 22
24 * 22 56
25 * 65 102
26 * 94 140
27 * 132 173
28 * 176 217
29 * 214 256
30 * 258 299
31 * 290 329
32 * 263 372
33 * 218 410
34 * 176 451
35 * 137 497
36 * 92 526
37 * 62 564
38 * 16 612
39 * 56 649
40 * 100 610
41 * 141 581
42 * 176 539
43 * 218 499
44 * 258 454
45 * 300 412
46 * 337 372
47 * 374 417
48 * 414 458
49 * 458 500
50 * 498 536
51 * 531 574
52 * 575 606
53 * 618 646
54 * 650 612
55 * 602 566
56 * 580 522
57 * 536 492
58 * 489 454
59 * 452 415
60 * 418 380
